 91, 91, 91, 91, 91, 91, 91, 91, 91, 91, 91, 91, 91, 91, 91, 91, 91, 91, 91, 91, 91, 91, 91, 91, 91, 91, 91, 91, 91, 91, 91, 91, 91, 91, 91, 91, 91, 91, 91, 91, 91, 91, 91, 91, 91, 91, 91, 91, 91, 91
 91, 91, 91, 91, 91, 91, 91, 91, 91, 91, 91, 91, 91, 91, 91, 91, 91, 91, 91, 91, 91, 91, 91, 91, 91, 91, 91, 91, 91, 91, 91, 91,  1, 91, 91, 91, 91, 91, 91, 91, 91, 91, 91, 91, 91, 91, 91, 91, 91, 91
 91, 91, 91, 91, 91, 91, 91, 91, 91, 91, 91, 91, 91, 91, 91, 91, 91, 91, 91, 91, 91, 91, 91, 91, 91, 91, 91, 91, 91, 91, 91,  1,  1,  1, 91, 91, 91, 91, 91, 91, 91, 91, 91, 91, 91, 91, 91, 91, 91, 91
 91, 91, 91, 91, 91, 91, 91, 91, 91, 91, 91, 91, 91, 91, 91, 91, 91, 91, 91, 91, 91, 91, 91, 91, 91, 91, 91, 91, 91,  1,  1,  1,  1,  1,  1, 91, 91, 91, 91, 91, 91, 91, 91, 91, 91, 91, 91, 91, 91, 91
 91, 91, 91, 91, 91, 91, 91, 91, 91, 91, 91, 91, 91, 91, 91, 91, 91, 91, 91, 91, 91, 91, 91, 91, 91, 91, 91, 27,  2, -2,  1,  1,  1,  1,  1,  1, 91, 91, 91, 91, 91, 91, 91, 91, 91, 91, 91, 91, 91, 91
 91, 91, 91, 91, 91, 91, 91, 91, 91, 91, 91, 91, 91, 91, 91, 91, 91, 91, 91, 91, 91,  9, -1,-26,  5,  5,  5,  5,  8, -1,  1,  1,  1,  1,  1,  1,  1,  1, 91, 91, 91, 91, 91, 91, 91, 91, 91, 91, 91, 91
 91, 91, 91, 91, 91, 91, 91, 91, 91, 91, 91, 91, 91, 91, 91, 91, 91, 91, 91, 26,  6, 25, 25,  5,  5,  5,  5,  5,  5,  5,  5,-21,-27,-14,-18,-19,-24,-37, 91, 91, 91, 91, 91, 91, 91, 91, 91, 91, 91, 91
 91, 91, 91, 91, 91, 91, 91, 91, 91, 91, 91, 91, 91, 91, 91, 91, 91, 91, 35, 25, 25, 25, 25, 25,  5,  5,  5,  5,  5,  5,  5,  5, -7,-16,-14,-35,-26,-29, 91, 91, 91, 91, 91, 91, 91, 91, 91, 91, 91, 91
 91, 91, 91, 91, 91, 91, 91, 91, 91, 91, 91, 91, 91, 91, 91, 91, 91, 43, 25, 25, 25, 25, 25, 25,  5,  5,  5,  5,  5,  5,  5,  5, 17,  3,-22,-14,-23,-32, 91, 91, 91, 91, 91, 91, 91, 91, 91, 91, 91, 91
 91, 91, 91, 91, 91, 91, 91, 91, 91, 91, 91, 91, 91, 91, 91, 91, 47, 43, 39, 25, 25, 25, 25, 25, 25,  5,  5,  5,  5,  5,  5,  5,  5,-25,-39,-24,-28,-32, 91, 91, 91, 91, 91, 91, 91, 91, 91, 91, 91, 91
 91, 91, 91, 91, 91, 91, 91, 91, 91, 91, 91, 91, 91, 91, 91, 51, 48, 43, 44, 48, 25, 25, 25, 25, 25, 25,  5,  5,  5,  5,  5,  5,  5,  5,-28,-26,-30,-25, 91, 91, 91, 91, 91, 91, 91, 91, 91, 91, 91, 91
 91, 91, 91, 91, 91, 91, 91, 91, 91, 91, 91, 91, 91, 91, 48, 48, 49, 45, 45, 48,  5, 25, 16, -3,  7, 18,  0, -1, -6,-18,-13,-14,-20,-21,-26,-32,-30,-26, 91, 91, 91, 91, 91, 91, 91, 91, 91, 91, 91, 91
 91, 91, 91, 91, 91, 91, 91, 91, 91, 91, 91, 91, 91, 91, 43, 47, 47, 46, 47, 43, 37, 31, 21, 20, 20,  1, -4,-14,-18,-20,-19,-22,-23,-25,-29,-30,-34,-33, 91, 91, 91, 91, 91, 91, 91, 91, 91, 91, 91, 91
 91, 91, 91, 91, 91, 91, 91, 91, 91, 91, 91, 91, 91, 49, 46, 48, 53, 46, 47, 41, 42, 34, 31, 25, 15, 16,  3,-11,-11,-22,-25,-27,-28,-30,-31,-33,-34,-35, 91, 91, 91, 91, 91, 91, 91, 91, 91, 91, 91, 91
 91, 91, 91, 91, 91, 91, 91, 91, 91, 91, 91, 91, 91, 48, 55, 54, 59, 52, 49, 48, 43, 37, 31, 30, 21, 16,  7, -5,-10,-18,-23,-28,-32,-35,-34,-37,-31,-30, 91, 91, 91, 91, 91, 91, 91, 91, 91, 91, 91, 91
 91, 91, 91, 91, 91, 91, 91, 91, 91, 91, 91, 91, 91, 55, 54, 51, 56, 57, 52, 53, 47, 43, 37, 31, 22, 16, 12, -3, -8,-16,-22,-29,-39,-38,-37,-35,-36,-34, 91, 91, 91, 91, 91, 91, 91, 91, 91, 91, 91, 91
 91, 91, 91, 91, 91, 91, 91, 91, 91, 91, 91, 91, 91, 56, 58, 51, 50, 48, 47, 51, 48, 43, 39, 34, 27, 19, 14,  4, -2,-15,-27,-37,-36,-40,-39,-37,-37,-41,-40, 91, 91, 91, 91, 91, 91, 91, 91, 91, 91, 91
 91, 91, 91, 91, 91, 91, 91, 91, 91, 91, 91, 91, 91, 62, 65, 61, 51, 52, 55, 58, 52, 46, 40, 37, 35, 24, 20, 16,  6,-15,-28,-40,-41,-43,-43,-43,-38,-40,-43, 91, 91, 91, 91, 91, 91, 91, 91, 91, 91, 91
 91, 91, 91, 91, 91, 91, 91, 91, 91, 91, 91, 91, 91, 66, 65, 64, 61, 57, 47, 47, 47, 47, 49, 44, 47, 36, 19, 21, -3,-14,-29,-34,-41,-42,-45,-45,-40,-43, 91, 91, 91, 91, 91, 91, 91, 91, 91, 91, 91, 91
 91, 91, 91, 91, 91, 91, 91, 91, 91, 91, 91, 91, 91, 64, 67, 60, 63, 47, 47, 47, 47, 47, 58, 51, 44, 32, 15, 10, -2,-11,-27,-36,-47,-44,-45,-46,-47,-45, 91, 91, 91, 91, 91, 91, 91, 91, 91, 91, 91, 91
 91, 91, 91, 91, 91, 91, 91, 91, 91, 91, 91, 91, 59, 55, 65, 60, 47, 47, 47, 47, 47, 66, 65, 60, 48, 40, 29, 19,  2,-13,-32,-38,-56,-52,-53,-53,-46,-47, 91, 91, 91, 91, 91, 91, 91, 91, 91, 91, 91, 91
 91, 91, 91, 91, 91, 91, 91, 91, 91, 91, 91, 60, 57, 62, 68, 38, 47, 47, 47, 47, 47, 49, 69, 68, 58, 51, 44, 24,  4,-20,-35,-38,-45,-55,-55,-43,-43,-45, 91, 91, 91, 91, 91, 91, 91, 91, 91, 91, 91, 91
 91, 91, 91, 91, 91, 91, 91, 91, 91, 91, 91, 61, 58, 56, 38, 38, 38, 47, 47, 47, 49, 49, 71, 71, 67, 60, 49, 44,  7,-21,-41,-45,-48,-57,-58,-46,-49,-47,-49, 91, 91, 91, 91, 91, 91, 91, 91, 91, 91, 91
 91, 91, 91, 91, 91, 91, 91, 91, 91, 91, 91, 54, 38, 38, 38, 38, 38, 49, 47, 49, 49, 47, 47, 47, 47, 66, 61, 54, 24,-38,-51,-49,-53,-54,-64,-48,-46,-50,-50,-50, 91, 91, 91, 91, 91, 91, 91, 91, 91, 91
 91, 91, 91, 91, 91, 91, 91, 91, 91, 91, 91, 38, 38, 38, 38, 38, 38, 49, 49, 49, 47, 47, 47, 47, 47, 73, 66, 65, 71,-61,-60,-64,-77,-59,-67,-67,-49,-47,-52,-50,-49, 91, 91, 91, 91, 91, 91, 91, 91, 91
 91, 91, 91, 91, 91, 91, 91, 91, 91, 91, 91, 38, 38, 38, 38, 38, 46, 46, 46, 49, 47, 47, 47, 47, 47, 69, 70, 74, 74,-89,-79,-70,-79,-72,-61,-67,-55,-49,-49,-47,-46, 91, 91, 91, 91, 91, 91, 91, 91, 91
 91, 91, 91, 91, 91, 91, 91, 91, 91, 91, 91, 38, 38, 38, 38, 38, 46, 46, 46, 46, 47, 47, 47, 47, 47, 76, 83, 64, 69, 86, 79, 85,-79,-82,-76,-70,-62,-53,-52,-48,-45,-45, 91, 91, 91, 91, 91, 91, 91, 91
 91, 91, 91, 91, 91, 91, 91, 91, 91, 91, 91, 38, 38, 38, 38, 54, 46, 46, 46, 29, 49, 47, 47, 47, 46, 45, 47, 64, 54, 57, 65, 69, 83,-89,-80,-71,-59,-53,-51,-46,-44,-39, 91, 91, 91, 91, 91, 91, 91, 91
 91, 91, 91, 91, 91, 91, 91, 91, 91, 91, 91, 91, 38, 38, 48, 48, 46, 46, 26, 27, 30, 47, 47, 42, 37, 40, 68, 51, 49, 53, 61, 66, 73, 80,-85,-68,-51,-45,-41,-44,-40,-39,-41, 91, 91, 91, 91, 91, 91, 91
 91, 91, 91, 91, 91, 91, 91, 91, 91, 91, 91, 91, 38, 41, 20, 22, 22, 46, 26, 27, 30, 32, 35, 36, 35, 38, 41, 46, 45, 48, 53, 55, 60, 69, 72,-88,-42,-32,-33,-30,-36,-39, 91, 91, 91, 91, 91, 91, 91, 91
 91, 91, 91, 91, 91, 91, 91, 91, 91, 91, 91, 91, 38, 40, 20, 18, 19, 18, 23, 25, 29, 30, 33, 34, 33, 34, 37, 38, 39, 42, 45, 45, 51, 56, 57, 63, 71,-22,-26,-27,-32,-32, 91, 91, 91, 91, 91, 91, 91, 91
 91, 91, 91, 91, 91, 91, 91, 91, 91, 91, 91, 91, 29, 36, 40, 37, 36, 36, 34, 22, 27, 27, 30, 32, 29, 33, 32, 33, 37, 38, 41, 44, 47, 49, 47, 58, 18,  3, -3,-22,-19,-30, 91, 91, 91, 91, 91, 91, 91, 91
 91, 91, 91, 91, 91, 91, 91, 91, 91, 91, 91, 91, 26, 31, 38, 38, 35,  6, 10, 18, 22, 22, 27, 23, 22, 26, 28, 39, 35, 39, 40, 40, 48, 48, 41, 32, 20, 12,  3, -1, -9,-25, 91, 91, 91, 91, 91, 91, 91, 91
 91, 91, 91, 91, 91, 91, 91, 91, 91, 91, 91, 91, 26, 28, 11,  7,  4,  5, 11, 15, 16, 16, 22, 23, 24, 28, 27, 21, 24, 29, 40, 41, 44, 45, 40, 31, 24, 21, 15,  7, -5,-10,-28, 91, 91, 91, 91, 91, 91, 91
 91, 91, 91, 91, 91, 91, 91, 91, 91, 91, 91, 91, 26, 13, 11,  7,  5,  6, 14, 13, 16, 18, 26, 33, 16, 28, 29, 24, 22, 24, 33, 43, 44, 42, 33, 27, 26, 25, 23, 24, -1,-13,-12,-12, 91, 91, 91, 91, 91, 91
 91, 91, 91, 91, 91, 91, 91, 91, 91, 91, 91, 91, 10,  9,  0,  1,  3,  3,  9, 10, 13, 18, 17, 18, 16, 22, 27, 19, 13, 16, 24, 34, 30, 23, 18, 14, 16, 18, 14, 15,  5, 10, -8,-12,  0, 91, 91, 91, 91, 91
 91, 91, 91, 91, 91, 91, 91, 91, 91, 91, 91, 91, 91, 19, 14, 23, 23,  5, 15, 91, 91, 91, 91,  8, 14,  9,  9, 13, 10, 11, 11, 15, 16, 14, 11, 10, 12, 13, 12, 11, 15,  3, -4, -9,  0, 91, 91, 91, 91, 91
 91, 91, 91, 91, 91, 91, 91, 91, 91, 91, 91, 91, 91, 91, 91, 91, 91, 91, 91, 91, 91, 91, 91, 91, 16,  0, -6, -1,  6,  9,  2,  3,  6,  8, 10,  8,  5,  2,  8, 10, 11,  7, -8,  0,  0, 91, 91, 91, 91, 91
 91, 91, 91, 91, 91, 91, 91, 91, 91, 91, 91, 91, 91, 91, 91, 91, 91, 91, 91, 91, 91, 91, 91, 91, 91,  7,  3,  0,  2,  2, -1, -7, -8, -5, -7, -1, -1,  2,  1,  1, -2,  1,  6, 91, 91, 91, 91, 91, 91, 91
 91, 91, 91, 91, 91, 91, 91, 91, 91, 91, 91, 91, 91, 91, 91, 91, 91, 91, 91, 91, 91, 91, 91, 91, 91, 91,  4,  2,  0,  1, -2, -8, -9,-24,  3,  3,  3,  3,  3,  3,  3, 91, 91, 91, 91, 91, 91, 91, 91, 91
 91, 91, 91, 91, 91, 91, 91, 91, 91, 91, 91, 91, 91, 91, 91, 91, 91, 91, 91, 91, 91, 91, 91, 91, 91, 91, 91, 91, 91, 91, 91, 91, 91, 91, 91, 91, 91, 91, 91, 91, 91, 91, 91, 91, 91, 91, 91, 91, 91, 91
 91, 91, 91, 91, 91, 91, 91, 91, 91, 91, 91, 91, 91, 91, 91, 91, 91, 91, 91, 91, 91, 91, 91, 91, 91, 91, 91, 91, 91, 91, 91, 91, 91, 91, 91, 91, 91, 91, 91, 91, 91, 91, 91, 91, 91, 91, 91, 91, 91, 91
 91, 91, 91, 91, 91, 91, 91, 91, 91, 91, 91, 91, 91, 91, 91, 91, 91, 91, 91, 91, 91, 91, 91, 91, 91, 91, 91, 91, 91, 91, 91, 91, 91, 91, 91, 91, 91, 91, 91, 91, 91, 91, 91, 91, 91, 91, 91, 91, 91, 91
 91, 91, 91, 91, 91, 91, 91, 91, 91, 91, 91, 91, 91, 91, 91, 91, 91, 91, 91, 91, 91, 91, 91, 91, 91, 91, 91, 91, 91, 91, 91, 91, 91, 91, 91, 91, 91, 91, 91, 91, 91, 91, 91, 91, 91, 91, 91, 91, 91, 91
 91, 91, 91, 91, 91, 91, 91, 91, 91, 91, 91, 91, 91, 91, 91, 91, 91, 91, 91, 91, 91, 91, 91, 91, 91, 91, 91, 91, 91, 91, 91, 91, 91, 91, 91, 91, 91, 91, 91, 91, 91, 91, 91, 91, 91, 91, 91, 91, 91, 91
 91, 91, 91, 91, 91, 91, 91, 91, 91, 91, 91, 91, 91, 91, 91, 91, 91, 91, 91, 91, 91, 91, 91, 91, 91, 91, 91, 91, 91, 91, 91, 91, 91, 91, 91, 91, 91, 91, 91, 91, 91, 91, 91, 91, 91, 91, 91, 91, 91, 91
 91, 91, 91, 91, 91, 91, 91, 91, 91, 91, 91, 91, 91, 91, 91, 91, 91, 91, 91, 91, 91, 91, 91, 91, 91, 91, 91, 91, 91, 91, 91, 91, 91, 91, 91, 91, 91, 91, 91, 91, 91, 91, 91, 91, 91, 91, 91, 91, 91, 91
 91, 91, 91, 91, 91, 91, 91, 91, 91, 91, 91, 91, 91, 91, 91, 91, 91, 91, 91, 91, 91, 91, 91, 91, 91, 91, 91, 91, 91, 91, 91, 91, 91, 91, 91, 91, 91, 91, 91, 91, 91, 91, 91, 91, 91, 91, 91, 91, 91, 91
