 91, 91, 91, 91, 91, 91, 91, 91, 91, 91, 91, 91, 91, 91, 91, 91, 91, 91, 91, 91, 91, 91, 91, 91, 91, 91, 91, 91, 91, 91, 91, 91, 91, 91, 91, 91, 91, 91, 91, 91, 91, 91, 91, 91, 91, 91, 91, 91, 91, 91
 91, 91, 91, 91, 91, 91, 91, 91, 91, 91, 91, 91, 91, 91, 91, 91, 91, 91, 91, 91, 91, 91, 91, 91, 91, 91, 91, 91, 91, 91, 91, 91, 91, 91, 91, 91, 91, 91, 91, 91, 91, 91, 91, 91, 91, 91, 91, 91, 91, 91
 91, 91, 91, 91, 91, 91, 91, 91, 91, 91, 91, 91, 91, 91, 91, 91, 91, 91, 91, 91, 91, 91, 91, 91, 91, 91, 91, 91, 91, 91, 91, 91, 91, 91, 91, 91, 91, 91, 91, 91, 91, 91, 91, 91, 91, 91, 91, 91, 91, 91
 91, 91, 91, 91, 91, 91, 91, 91, 91, 91, 91, 91, 91, 91, 91, 91, 91, 91, 91, 91, 91, 91, 91, 91, 91, 91, 91, 91, 91, 91, 91, 91, 91, 91, 91, 91, 91, 91, 91, 91, 91, 91, 91, 91, 91, 91, 91, 91, 91, 91
 91, 91, 91, 91, 91, 91, 91, 91, 91, 91, 91, 91, 91, 91, 91, 91, 91, 91, 91, 91, 91, 91, 91, 91, 91, 91, 91, 91, 91, 91, 91, 91, 91, 91, 91, 91, 91, 91, 91, 91, 91, 91, 91, 91, 91, 91, 91, 91, 91, 91
 91, 91, 91, 91, 91, 91, 91, 91, 91, 91, 91, 91, 91, 91, 91, 91, 91, 91, 91, 91, 91, 91, 91, 91, 91, 91, 91, 91, 91, 91, 91, 91, 91, 91, 91, 91, 91, 91, 91, 91, 91, 91, 91, 91, 91, 91, 91, 91, 91, 91
 91, 91, 91, 91, 91, 91, 91, 91, 91, 91, 91, 91, 91, 91, 91, 91, 91, 91, 91, 91, 91, 91, 91, 91, 91, 91, 91, 91, 91, 91, 91, 91, 91, 91, 91, 91, 91, 91, 91, 91, 91, 91, 91, 91, 91, 91, 91, 91, 91, 91
 91, 91, 91, 91, 91, 91, 91, 91, 91, 91, 91, 91, 91, 91, 91, 91, 91, 91, 91, 91, 91, 91, 91, 91, 91, 91, 91, 91, 91, 91, 91, 91, 91, 91, 91, 91, 91, 91, 91, 91, 91, 91, 91, 91, 91, 91, 91, 91, 91, 91
 91, 91, 91, 91, 91, 91, 91, 91, 91, 91, 91, 91, 91, 91, 91, 91, 91, 91, 91, 91, 91, 91, 91, 91, 91, 91, 91, 91, 91, 91, 91, 91, 91, 91, 91, 91, 91, 91, 91, 91, 91, 91, 91, 91, 91, 91, 91, 91, 91, 91
 91, 91, 91, 91, 91, 91, 91, 91, 91, 91, 91, 91, 91, 91, 91, 91, 91, 91, 91, 91, 91, 91, 91, 91, 91, 91, 91, 91, 91, 91, 91, 91, 91, 91, 91, 91, 91, 91, 91, 91, 91, 91, 91, 91, 91, 91, 91, 91, 91, 91
 91, 91, 91, 91, 91, 91, 91, 91, 91, 91, 91, 91, 91, 91, 91, 91, 91, 91, 91, 91, 91, 91, 91, 91, 91, 91, 91, 91, 91, 91, 91, 91, 91, 91, 91, 91, 91, 91, 91, 91, 91, 91, 91, 91, 91, 91, 91, 91, 91, 91
 91, 91, 91, 91, 91, 91, 91, 91, 91, 91, 91, 91, 91, 91, 91, 91, 91, 91, 91, 91, 91, 91, 91, 91, 91, 91, 91, 91, 91, 91, 91, 91, 91, 91, 91, 91, 91, 91, 91, 91, 91, 91, 91, 91, 91, 91, 91, 91, 91, 91
 91, 91, 91, 91, 91, 91, 91, 91, 91, 91, 91, 91, 91, 91, 91, 91, 91, 91, 26, 26, 23, 23,  0,  0,  0,  0,  0,-29, 91, 91, 91, 91, 91, 91, 91, 91, 91, 91, 91, 91, 91, 91, 91, 91, 91, 91, 91, 91, 91, 91
 91, 91, 91, 91, 91, 91, 91, 91, 91, 91, 91, 91, 91, 91, 91, 91, 91, 91, 26, 26, 23, 23,  0,  0,  0,  0,  0,-29,-29, 91, 91, 91, 91, 91, 91, 91, 91, 91, 91, 91, 91, 91, 91, 91, 91, 91, 91, 91, 91, 91
 91, 91, 91, 91, 91, 91, 91, 91, 91, 91, 91, 91, 91, 91, 91, 91, 91, 91, 26, 26, 23, 23, 23,  0,  0,  0,  0,-29,-29,-29, 91, 91, 91, 91, 91, 91, 91, 91, 91, 91, 91, 91, 91, 91, 91, 91, 91, 91, 91, 91
 91, 91, 91, 91, 91, 91, 91, 91, 91, 91, 91, 91, 91, 91, 91, 91, 91, 22, 22, 22, 23, 23,  3, -1, -5,-10,-16,-29,-29,-29,-31, 91, 91, 91, 91, 91, 91, 91, 91, 91, 91, 91, 91, 91, 91, 91, 91, 91, 91, 91
 91, 91, 91, 91, 91, 91, 91, 91, 91, 91, 91, 91, 91, 91, 91, 91, 22, 22, 22, 22, 22, 22,  0, -3, -6,-12,-19,-31,-31,-29,-31, 91, 91, 91, 91, 91, 91, 91, 91, 91, 91, 91, 91, 91, 91, 91, 91, 91, 91, 91
 91, 91, 91, 91, 91, 91, 91, 91, 91, 91, 91, 91, 91, 91, 91, 22, 22, 22, 22, 22, 22, 22,  0, -4,-10,-15,-20,-31,-31,-31,-31, 91, 91, 91, 91, 91, 91, 91, 91, 91, 91, 91, 91, 91, 91, 91, 91, 91, 91, 91
 91, 91, 91, 91, 91, 91, 91, 91, 91, 91, 91, 91, 91, 91, 91, 22, 22, 22, 22, 22, 22, 22, -3, -8,-11,-17,-23,-31,-31,-31,-31, 91, 91, 91, 91, 91, 91, 91, 91, 91, 91, 91, 91, 91, 91, 91, 91, 91, 91, 91
 91, 91, 91, 91, 91, 91, 91, 91, 91, 91, 91, 91, 91, 91, 91, 22, 22, 22, 22, 22, 22, 22,  0, -9,-14,-19,-23,-26,-31,-31,-31, 91, 91, 91, 91, 91, 91, 91, 91, 91, 91, 91, 91, 91, 91, 91, 91, 91, 91, 91
 91, 91, 91, 91, 91, 91, 91, 91, 91, 91, 91, 91, 91, 91, 91, 22, 22, 22, 22, 22, 22, 22, -8,-11,-14,-20,-23,-27,-32,-31,-31, 91, 91, 91, 91, 91, 91, 91, 91, 91, 91, 91, 91, 91, 91, 91, 91, 91, 91, 91
 91, 91, 91, 91, 91, 91, 91, 91, 91, 91, 91, 91, 91, 91, 91, 22, 22, 22, 22, 22, 22, 22, -8,-14,-20,-22,-26,-28,-36,-38,-31,-31, 91, 91, 91, 91, 91, 91, 91, 91, 91, 91, 91, 91, 91, 91, 91, 91, 91, 91
 91, 91, 91, 91, 91, 91, 91, 91, 91, 91, 91, 91, 91, 91, 91, 22, 22, 22, 22, 22, 22, 22, -9,-16,-19,-22,-25,-29,-36,-36,-36,-36, 91, 91, 91, 91, 91, 91, 91, 91, 91, 91, 91, 91, 91, 91, 91, 91, 91, 91
 91, 91, 91, 91, 91, 91, 91, 91, 91, 91, 91, 91, 91, 91, 27, 27, 31, 27, 26, 19, 13, -1, -9,-15,-22,-22,-27,-33,-39,-43,-36,-36,-36, 91, 91, 91, 91, 91, 91, 91, 91, 91, 91, 91, 91, 91, 91, 91, 91, 91
 91, 91, 91, 91, 91, 91, 91, 91, 91, 91, 91, 91, 91, 91, 43, 38, 33, 27, 21, 12,  3, -4, -9,-17,-24,-28,-31,-34,-38,-44,-36,-36,-36, 91, 91, 91, 91, 91, 91, 91, 91, 91, 91, 91, 91, 91, 91, 91, 91, 91
 91, 91, 91, 91, 91, 91, 91, 91, 91, 91, 91, 91, 91, 49, 46, 39, 34, 32, 19, 21, 11,  0,-18,-27,-34,-38,-41,-36,-41,-45,-39,-39,-39,-39, 91, 91, 91, 91, 91, 91, 91, 91, 91, 91, 91, 91, 91, 91, 91, 91
 91, 91, 91, 91, 91, 91, 91, 91, 91, 91, 91, 91, 91, 50, 49, 44, 39, 35, 21, 18, 10,  0,-13,-31,-35,-39,-42,-41,-46,-49,-49,-39,-39,-49, 91, 91, 91, 91, 91, 91, 91, 91, 91, 91, 91, 91, 91, 91, 91, 91
 91, 91, 91, 91, 91, 91, 91, 91, 91, 91, 91, 91, 91, 55, 54, 51, 47, 40, 20, 22, 10, -3,-24,-40,-43,-43,-48,-50,-50,-52,-50,-50,-57,-52,-57, 91, 91, 91, 91, 91, 91, 91, 91, 91, 91, 91, 91, 91, 91, 91
 91, 91, 91, 91, 91, 91, 91, 91, 91, 91, 91, 91, 68, 60, 58, 54, 42, 34, 21, 23,  8,-12,-31,-46,-48,-50,-53,-55,-55,-53,-51,-51,-57,-57,-57, 91, 91, 91, 91, 91, 91, 91, 91, 91, 91, 91, 91, 91, 91, 91
 91, 91, 91, 91, 91, 91, 91, 91, 91, 91, 91, 91, 72, 66, 57, 52, 53, 43, 36, 27,  0,-25,-40,-51,-52,-56,-57,-59,-57,-53,-53,-52,-56,-57,-57, 91, 91, 91, 91, 91, 91, 91, 91, 91, 91, 91, 91, 91, 91, 91
 91, 91, 91, 91, 91, 91, 91, 91, 91, 91, 91, 91, 72, 63, 60, 57, 55, 44, 35, 12,-16,-38,-51,-53,-57,-61,-60,-60,-61,-57,-52,-53,-57,-57,-57,-57, 91, 91, 91, 91, 91, 91, 91, 91, 91, 91, 91, 91, 91, 91
 91, 91, 91, 91, 91, 91, 91, 91, 91, 91, 91, 69, 72, 63, 60, 57, 58, 49, 42, 21,-25,-47,-60,-64,-66,-68,-62,-64,-65,-58,-54,-56,-59,-57,-57,-57, 91, 91, 91, 91, 91, 91, 91, 91, 91, 91, 91, 91, 91, 91
 91, 91, 91, 91, 91, 91, 91, 91, 91, 91, 91, 66, 68, 63, 61, 61, 56, 52, 46, 19,-34,-63,-69,-69,-66,-72,-70,-71,-69,-61,-56,-57,-61,-57,-57,-57,-57, 91, 91, 91, 91, 91, 91, 91, 91, 91, 91, 91, 91, 91
 91, 91, 91, 91, 91, 91, 91, 91, 91, 91, 91, 65, 67, 65, 65, 63, 59, 55, 49, 37,-61,-72,-79,-83,-79,-77,-76,-75,-71,-62,-59,-60,-60,-57,-57,-57,-57,-61, 91, 91, 91, 91, 91, 91, 91, 91, 91, 91, 91, 91
 91, 91, 91, 91, 91, 91, 91, 91, 91, 91, 53, 53, 60, 63, 66, 67, 64, 60, 53, 60,-84, 90,-90, 89,-89,-87,-84,-78,-72,-66,-64,-60,-57,-61,-57,-57,-57,-61, 91, 91, 91, 91, 91, 91, 91, 91, 91, 91, 91, 91
 91, 91, 91, 91, 91, 91, 91, 91, 91, 91, 53, 53, 55, 63, 65, 63, 63, 60, 57, 61, 76, 77, 78, 80, 81, 80, 85, 90,-82,-75,-69,-64,-64,-64,-63,-63,-57,-40, 91, 91, 91, 91, 91, 91, 91, 91, 91, 91, 91, 91
 91, 91, 91, 91, 91, 91, 91, 91, 91, 91, 50, 53, 52, 53, 61, 63, 64, 61, 58, 59, 67, 71, 70, 69, 69, 70, 74, 74, 81,-86,-75,-64,-64,-64,-63,-63,-39,-42,-41, 91, 91, 91, 91, 91, 91, 91, 91, 91, 91, 91
 91, 91, 91, 91, 91, 91, 91, 91, 91, 53, 47, 53, 50, 48, 49, 57, 61, 61, 58, 56, 62, 63, 62, 63, 62, 63, 61, 62, 64, 71, 78,-64,-64,-64,-63,-63,-28,-38,-40, 91, 91, 91, 91, 91, 91, 91, 91, 91, 91, 91
 91, 91, 91, 91, 91, 91, 91, 91, 91, 53, 53, 40, 40, 40, 43, 40, 40, 40, 57, 54, 55, 57, 59, 59, 56, 54, 54, 59, 55, 52, 63, 63,-64,-64,-23,-20,-23,  0,-39, 91, 91, 91, 91, 91, 91, 91, 91, 91, 91, 91
 91, 91, 91, 91, 91, 91, 91, 91, 91, 91, 46, 40, 40, 40, 40, 40, 40, 40, 40, 40, 52, 52, 56, 58, 50, 52, 46, 42, 41, 35, 21,  7,  0,-64, -7, -8,-12,-10,-37,-37, 91, 91, 91, 91, 91, 91, 91, 91, 91, 91
 91, 91, 91, 91, 91, 91, 91, 91, 91, 91, 91, 40, 40, 40, 40, 40, 40, 40, 38, 42, 44, 46, 40, 43, 39, 40, 41, 39, 33, 27, 19, 10,  8, -4,  3, -1,  0, -8,-19, 91, 91, 91, 91, 91, 91, 91, 91, 91, 91, 91
 91, 91, 91, 91, 91, 91, 91, 91, 91, 91, 91, 24, 28, 28, 40, 28, 28, 28, 28, 31, 46, 40, 31, 32, 33, 35, 38, 35, 29, 25, 20, 14, 17, 13, 11,  4,  0,  0, 91, 91, 91, 91, 91, 91, 91, 91, 91, 91, 91, 91
 91, 91, 91, 91, 91, 91, 91, 91, 91, 91, 91, 28, 28, 28, 28, 28, 28, 28, 28, 24, 32, 31, 27, 23, 24, 27, 25, 26, 27, 27, 23, 24, 22, 15, 14,  5,  2,  0, 91, 91, 91, 91, 91, 91, 91, 91, 91, 91, 91, 91
 91, 91, 91, 91, 91, 91, 91, 91, 91, 91, 91, 28, 28, 28, 28, 28, 28, 28, 28, 20, 12, 10, 18, 22, 22, 22, 16, 19, 27, 24, 23, 29, 26, 19, 14,  7,  3,  0, 91, 91, 91, 91, 91, 91, 91, 91, 91, 91, 91, 91
 91, 91, 91, 91, 91, 91, 91, 91, 91, 91, 91, 28, 28, 28, 28, 28, 28, 28, 19,  9,  3,  5, 14, 18, 16, 13, 12,  0, 18, 18, 18, 23, 28, 26, 18, 11,  0, 91, 91, 91, 91, 91, 91, 91, 91, 91, 91, 91, 91, 91
 91, 91, 91, 91, 91, 91, 91, 91, 91, 91, 91, 91, 28, 28, 28, 28, 28, 20, 15,  0,  0,  0,  0,  0,  0,  0,  0,  0,  0, 91, 91, 22, 29, 25,  0,  0,  0, 91, 91, 91, 91, 91, 91, 91, 91, 91, 91, 91, 91, 91
 91, 91, 91, 91, 91, 91, 91, 91, 91, 91, 91, 91, 91, 28, 28, 28, 26, 21, 12,  4,  0,  0,  0,  0,  0,  0,  0,  0, 91, 91, 91, 91, 10, 28, 10, 10, 10, 91, 91, 91, 91, 91, 91, 91, 91, 91, 91, 91, 91, 91
 91, 91, 91, 91, 91, 91, 91, 91, 91, 91, 91, 91, 91, 91, 28, 26, 25, 17, 14,  5,  4,  0,  0,  0,  0,  0,  0, 91, 91, 91, 91, 91, 91, 18, 13,  7,  0, 91, 91, 91, 91, 91, 91, 91, 91, 91, 91, 91, 91, 91
