 91, 91, 91, 91, 91, 91, 91, 91, 91, 91, 91, 91, 91, 91, 91, 91, 91, 91, 91, 91, 91, 91, 91, 91, 91, 91, 91, 91, 91, 91, 91, 91, 91, 91, 91, 91, 91, 91, 91, 91, 91, 91, 91, 91, 91, 91, 91, 91, 91, 91
 91, 91, 91, 91, 91, 91, 91, 91, 91, 91, 91, 91, 91, 91, 91, 91, 91, 91, 91, 91, 91, 91, 91, 91, 91, 91, 91, 91, 91, 91, 91, 91, 91, 91, 91, 91, 91, 91, 91, 91, 91, 91, 91, 91, 91, 91, 91, 91, 91, 91
 91, 91, 91, 91, 91, 91, 91, 91, 91, 91, 91, 91, 91, 91, 91, 91, 91, 91, 91, 91, 91, 91, 91, 91, 91, 91, 91, 91, 91, 91, 91, 91, 91, 91, 91, 91, 91, 91, 91, 91, 91, 91, 91, 91, 91, 91, 91, 91, 91, 91
 91, 91, 91, 91, 91, 91, 91, 91, 91, 91, 91, 91, 91, 91, 91, 91, 91, 91, 91, 91, 91, 91, 91, 91, 91, 91, 91, 91, 91, 91, 91, 91, 91, 91, 91, 91, 91, 91, 91, 91, 91, 91, 91, 91, 91, 91, 91, 91, 91, 91
 91, 91, 91, 91, 91, 91, 91, 91, 91, 91, 91, 91, 91, 91, 91, 91, 91, 91, 91, 91, 91, 91, 91, 91, 91, 91, 91, 91, 91, 91, 91, 91, 91, 91, 91, 91, 91, 91, 91, 91, 91, 91, 91, 91, 91, 91, 91, 91, 91, 91
 91, 91, 91, 91, 91, 91, 91, 91, 91, 91, 91, 91, 91, 91, 91, 91, 35, 26, 10, 91, 91, 91, 91, 91, 91, 91, 91, 91, 91, 91, 91, 91, 91, 91, 91, 91, 91, 91, 91, 91, 91, 91, 91, 91, 91, 91, 91, 91, 91, 91
 91, 91, 91, 91, 91, 91, 91, 91, 91, 91, 91, 91, 91, 91, 91, 91, 17, 17, 13, 10,  1,-27,-14,  4, 91, 91, 91, 91, 91, 91, 91, 91, 91, 91, 91, 91, 91, 91, 91, 91, 91, 91, 91, 91, 91, 91, 91, 91, 91, 91
 91, 91, 91, 91, 91, 91, 91, 91, 91, 91, 91, 91, 91, 91, 91, 22, 23, 22, 17,  9, -1, -8, -7,  9,-14,-14,-13,-14,-15,-14, 91,-52,-46,-50,-52,-59,-58,-49, 91, 91, 91, 91, 91, 91, 91, 91, 91, 91, 91, 91
 91, 91, 91, 91, 91, 91, 91, 91, 91, 91, 91, 91, 91, 91, 23, 18, 19, 17, 12,  6,  3, -5, -7, -6,-10,-11,-13,-22,-35,-44,-41,-39,-44,-46,-47,-62,-60,-61,-61, 91, 91, 91, 91, 91, 91, 91, 91, 91, 91, 91
 91, 91, 91, 91, 91, 91, 91, 91, 91, 91, 91, 91, 91, 91, 32, 17, 16,  9,  6,  4, -1, -6, -5, -9,-14,-19,-27,-32,-39,-41,-44,-44,-44,-47,-57,-60,-59,-54,-64,-59, 91, 91, 91, 91, 91, 91, 91, 91, 91, 91
 91, 91, 91, 91, 91, 91, 91, 91, 91, 91, 91, 91, 91, 91, 26, 21, 18, 19, 17, 11,  2, -2, -6, -9,-18,-19,-25,-28,-37,-39,-42,-44,-43,-49,-50,-50,-47,-64,-62,-55,-57, 91, 91, 91, 91, 91, 91, 91, 91, 91
 91, 91, 91, 91, 91, 91, 91, 91, 91, 91, 91, 91, 91, 13, 19, 20, 20, 19, 14, 15,  6,  2, -3, -7,-15,-21,-24,-27,-33,-38,-42,-46,-44,-44,-50,-49,-45,-52,-52,-46,-47, 91, 91, 91, 91, 91, 91, 91, 91, 91
 91, 91, 91, 91, 91, 91, 91, 91, 91, 91, 91, 91, 91, 21, 18, 18, 19, 18, 14, 14,  7, -7, -7, -6, -7,-17,-26,-26,-31,-34,-40,-47,-46,-45,-49,-48,-51,-48,-51,-42,-25, 91, 91, 91, 91, 91, 91, 91, 91, 91
 91, 91, 91, 91, 91, 91, 91, 91, 91, 91, 91, 91, 24, 23, 22, 16, 16, 16, 14, 10,  3, -2,  0,  2, -2,-16,-27,-29,-30,-36,-43,-48,-48,-49,-53,-55,-55,-54,-44,-54,-44, 91, 91, 91, 91, 91, 91, 91, 91, 91
 91, 91, 91, 91, 91, 91, 91, 91, 91, 91, 91, 91, 30, 29, 23, 18, 16, 16, 16, 11,  6, -1, -6, -3, -5,-11,-19,-29,-32,-40,-49,-50,-49,-52,-54,-54,-54,-56,-53,-59,-53, 91, 91, 91, 91, 91, 91, 91, 91, 91
 91, 91, 91, 91, 91, 91, 91, 91, 91, 91, 91, 32, 34, 34, 29, 24, 20, 20, 20, 13,  9,  2, -5, -8,-10,-14,-20,-25,-32,-38,-49,-52,-52,-54,-57,-57,-59,-58,-56,-56,-63, 91, 91, 91, 91, 91, 91, 91, 91, 91
 91, 91, 91, 91, 91, 91, 91, 91, 91, 91, 91, 35, 36, 34, 31, 28, 24, 23, 17, 15,  8,  4,  1, -6,-12,-17,-23,-29,-35,-38,-48,-51,-52,-54,-59,-61,-62,-60,-60,-52,-63, 91, 91, 91, 91, 91, 91, 91, 91, 91
 91, 91, 91, 91, 91, 91, 91, 91, 91, 91, 38, 39, 37, 38, 36, 30, 25, 25, 22, 18, 11,  5,  3, -2, -8,-16,-22,-26,-34,-40,-50,-53,-55,-57,-60,-63,-65,-65,-63,-49,-44, 91, 91, 91, 91, 91, 91, 91, 91, 91
 91, 91, 91, 91, 91, 91, 91, 91, 91, 91, 42, 44, 40, 40, 40, 31, 29, 26, 25, 19, 15,  9,  4, -2, -7,-17,-22,-25,-32,-46,-52,-53,-55,-58,-61,-65,-67,-64,-60,-64,-43,-58, 91, 91, 91, 91, 91, 91, 91, 91
 91, 91, 91, 91, 91, 91, 91, 91, 91, 91, 42, 43, 44, 43, 40, 36, 31, 30, 30, 24, 19, 14,  7,  3, -3,-15,-24,-29,-36,-45,-56,-56,-57,-59,-63,-65,-65,-61,-59,-60,-56,-61, 91, 91, 91, 91, 91, 91, 91, 91
 91, 91, 91, 91, 91, 91, 91, 91, 91, 91, 44, 41, 44, 44, 43, 43, 35, 32, 32, 27, 21, 17,  8,  2, -8,-19,-30,-38,-44,-50,-60,-60,-63,-65,-67,-67,-66,-61,-61,-60,-56,-64, 91, 91, 91, 91, 91, 91, 91, 91
 91, 91, 91, 91, 91, 91, 91, 91, 91, 91, 42, 44, 51, 49, 48, 45, 41, 40, 37, 32, 26, 19,  8, -3,-11,-24,-34,-43,-52,-56,-61,-64,-69,-69,-73,-71,-68,-68,-62,-61,-60,-62, 91, 91, 91, 91, 91, 91, 91, 91
 91, 91, 91, 91, 91, 91, 91, 91, 91, 91, 91, 49, 52, 50, 51, 49, 53, 50, 45, 38, 28, 17, 12, -2,-20,-31,-41,-51,-58,-63,-67,-74,-76,-74,-77,-71,-70,-68,-66,-63,-58,-66, 91, 91, 91, 91, 91, 91, 91, 91
 91, 91, 91, 91, 91, 91, 91, 91, 91, 91, 91, 91, 54, 54, 57, 58, 58, 56, 52, 47, 39, 26, 16, -2,-23,-38,-50,-55,-63,-69,-77,-80,-78,-77,-79,-78,-69,-67,-65,-66,-55,-63, 91, 91, 91, 91, 91, 91, 91, 91
 91, 91, 91, 91, 91, 91, 91, 91, 91, 91, 91, 91, 91, 60, 62, 64, 63, 59, 57, 54, 50, 39, 54, 42,-53,-51,-59,-62,-67,-77,-80,-82,-82,-80,-81,-78,-73,-69,-66,-71,-61,-49, 91, 91, 91, 91, 91, 91, 91, 91
 91, 91, 91, 91, 91, 91, 91, 91, 91, 91, 91, 91, 91, 65, 66, 68, 69, 65, 66, 61, 62, 62, 53, 56,-69,-67,-70,-74,-78,-80,-82,-83,-86,-86,-83,-78,-70,-68,-65,-70,-61,-50,-53, 91, 91, 91, 91, 91, 91, 91
 91, 91, 91, 91, 91, 91, 91, 91, 91, 91, 91, 91, 91, 65, 69, 71, 72, 70, 66, 66, 69, 72, 75, 79,-76,-76,-80,-81,-82,-85,-86,-87,-88,-88,-85,-80,-75,-72,-63,-53,-49,-39,-46, 91, 91, 91, 91, 91, 91, 91
 91, 91, 91, 91, 91, 91, 91, 91, 91, 91, 91, 91, 91, 68, 71, 71, 71, 78, 77, 73, 77, 79, 84, 85,-76,-80,-83,-85,-84,-88,-88,-88, 88, 90,-83,-79,-73,-67,-57,-46,-35,-35,-46, 91, 91, 91, 91, 91, 91, 91
 91, 91, 91, 91, 91, 91, 91, 91, 91, 91, 91, 91, 91, 76, 78, 78, 78, 82, 85, 83, 86,-87,-88,-69,-82,-81,-84,-88,-88,-90, 89, 89, 88, 86,-90,-82,-77,-62,-50,-38,-29,-28, -1, 91, 91, 91, 91, 91, 91, 91
 91, 91, 91, 91, 91, 91, 91, 91, 91, 91, 91, 91, 91, 88, 89, 89, 89,-87,-89, 90,-87,-76,-87,-74,-83,-84,-84,-89,-89, 87, 86, 84, 80, 83, 89,-84,-80,-64,-43,-32,-20,-14, 22, 91, 91, 91, 91, 91, 91, 91
 91, 91, 91, 91, 91, 91, 91, 91, 91, 91, 91, 91, 91,-80,-81,-81,-80,-77,-79,-78,-79,-70,-75,-72,-65,-74,-84,-89, 84, 82, 78, 76, 80, 83, 86, 89,-75,-53,-35,-24,-11, -4, 33, 91, 91, 91, 91, 91, 91, 91
 91, 91, 91, 91, 91, 91, 91, 91, 91, 91, 91, 91, 91,-73,-72,-72,-71,-71,-70,-68,-70,-67,-67,-70,-65,-72,-87, 79, 79, 75, 71, 69, 79, 81, 86,-89,-53,-17,  1, 22, 15, 22, 30, 91, 91, 91, 91, 91, 91, 91
 91, 91, 91, 91, 91, 91, 91, 91, 91, 91, 91, 91, 91, 91,-63,-64,-65,-64,-66,-63,-65,-63,-63,-62,-63,-70,-77, 90, 78, 70, 68, 64, 71, 79, 75, 63, 22, 18, 24, 23, 19, 19, 30, 91, 91, 91, 91, 91, 91, 91
 91, 91, 91, 91, 91, 91, 91, 91, 91, 91, 91, 91, 91, 91,-71,-56,-63,-57,-59,-57,-59,-58,-54,-46,-52,-51,-85, 71, 64, 61, 59, 59, 59, 58, 48, 31, 25, 24, 23, 20, 19, 22, 26, 91, 91, 91, 91, 91, 91, 91
 91, 91, 91, 91, 91, 91, 91, 91, 91, 91, 91, 91, 91, 91, 91,-47,-52,-56,-47,-49,-50,-50,-42,-35,-39,-26, 23, 41, 48, 48, 52, 53, 48, 47, 29, 31, 29, 26, 23, 21, 19, 18, 22, 91, 91, 91, 91, 91, 91, 91
 91, 91, 91, 91, 91, 91, 91, 91, 91, 91, 91, 91, 91, 91, 91, 91, 91,-45,-50,-48,-46,-42,-42,-28,-21, -3, 19, 28, 32, 38, 43, 46, 40, 36, 33, 30, 27, 23, 21, 20, 16, 16, 23, 91, 91, 91, 91, 91, 91, 91
 91, 91, 91, 91, 91, 91, 91, 91, 91, 91, 91, 91, 91, 91, 91, 91, 91, 91, 91,-35, 91,-33,-21,-18,-10,  3, 19, 22, 23, 32, 33, 36, 35, 34, 24, 26, 25, 21, 19, 21, 26, 31, 30, 91, 91, 91, 91, 91, 91, 91
 91, 91, 91, 91, 91, 91, 91, 91, 91, 91, 91, 91, 91, 91, 91, 91, 91, 91, 91, 91, 91, 91,-12, -8, -1,  9, 10, 16, 18, 27, 29, 29, 30, 30, 26, 20, 15, 18, 14, 15, 18, 18, 19, 91, 91, 91, 91, 91, 91, 91
 91, 91, 91, 91, 91, 91, 91, 91, 91, 91, 91, 91, 91, 91, 91, 91, 91, 91, 91, 91, 91, 91, 91, 91, 91, 11, 10, 14, 16, 25, 29, 22, 28, 22, 21, 10, 10, 10, 16, 15, 18, 18, 20, 91, 91, 91, 91, 91, 91, 91
 91, 91, 91, 91, 91, 91, 91, 91, 91, 91, 91, 91, 91, 91, 91, 91, 91, 91, 91, 91, 91, 91, 91, 91, 91, 91, 91, 91, 91, 91, 91, 91, 91, 91, 91, 91, 91, 91, 11, 12, 17, 16, 19, 91, 91, 91, 91, 91, 91, 91
 91, 91, 91, 91, 91, 91, 91, 91, 91, 91, 91, 91, 91, 91, 91, 91, 91, 91, 91, 91, 91, 91, 91, 91, 91, 91, 91, 91, 91, 91, 91, 91, 91, 91, 91, 91, 91, 91, 91, 91,  9, 11, 91, 91, 91, 91, 91, 91, 91, 91
 91, 91, 91, 91, 91, 91, 91, 91, 91, 91, 91, 91, 91, 91, 91, 91, 91, 91, 91, 91, 91, 91, 91, 91, 91, 91, 91, 91, 91, 91, 91, 91, 91, 91, 91, 91, 91, 91, 91, 91, 91, 91, 91, 91, 91, 91, 91, 91, 91, 91
 91, 91, 91, 91, 91, 91, 91, 91, 91, 91, 91, 91, 91, 91, 91, 91, 91, 91, 91, 91, 91, 91, 91, 91, 91, 91, 91, 91, 91, 91, 91, 91, 91, 91, 91, 91, 91, 91, 91, 91, 91, 91, 91, 91, 91, 91, 91, 91, 91, 91
 91, 91, 91, 91, 91, 91, 91, 91, 91, 91, 91, 91, 91, 91, 91, 91, 91, 91, 91, 91, 91, 91, 91, 91, 91, 91, 91, 91, 91, 91, 91, 91, 91, 91, 91, 91, 91, 91, 91, 91, 91, 91, 91, 91, 91, 91, 91, 91, 91, 91
 91, 91, 91, 91, 91, 91, 91, 91, 91, 91, 91, 91, 91, 91, 91, 91, 91, 91, 91, 91, 91, 91, 91, 91, 91, 91, 91, 91, 91, 91, 91, 91, 91, 91, 91, 91, 91, 91, 91, 91, 91, 91, 91, 91, 91, 91, 91, 91, 91, 91
 91, 91, 91, 91, 91, 91, 91, 91, 91, 91, 91, 91, 91, 91, 91, 91, 91, 91, 91, 91, 91, 91, 91, 91, 91, 91, 91, 91, 91, 91, 91, 91, 91, 91, 91, 91, 91, 91, 91, 91, 91, 91, 91, 91, 91, 91, 91, 91, 91, 91
 91, 91, 91, 91, 91, 91, 91, 91, 91, 91, 91, 91, 91, 91, 91, 91, 91, 91, 91, 91, 91, 91, 91, 91, 91, 91, 91, 91, 91, 91, 91, 91, 91, 91, 91, 91, 91, 91, 91, 91, 91, 91, 91, 91, 91, 91, 91, 91, 91, 91
 91, 91, 91, 91, 91, 91, 91, 91, 91, 91, 91, 91, 91, 91, 91, 91, 91, 91, 91, 91, 91, 91, 91, 91, 91, 91, 91, 91, 91, 91, 91, 91, 91, 91, 91, 91, 91, 91, 91, 91, 91, 91, 91, 91, 91, 91, 91, 91, 91, 91
