 91, 91, 91, 91, 91, 91, 91, 91, 91, 91, 91, 91, 91, 91, 91, 91, 91, 91, 91, 91, 91, 91, 91, 91, 91, 91, 91, 91, 91, 91, 91, 91, 91, 91, 91, 91, 91, 91, 91, 91, 91, 91, 91, 91, 91, 91, 91, 91, 91, 91
 91, 91, 91, 91, 91, 91, 91, 91, 91, 91, 91, 91, 91, 91, 91, 91, 91, 91, 91, 91, 91, 91, 91, 91, 91, 91, 91, 91, 91, 91, 91, 91, 91, 91, 91, 91, 91, 91, 91, 91, 91, 91, 91, 91, 91, 91, 91, 91, 91, 91
 91, 91, 91, 91, 91, 91, 91, 91, 91, 91, 91, 91, 91, 91, 91, 91, 91, 91, 91, 91, 91, 91, 91, 91, 91, 91, 91, 91, 91, 91, 91, 91, 91, 91, 91, 91, 91, 91, 91, 91, 91, 91, 91, 91, 91, 91, 91, 91, 91, 91
 91, 91, 91, 91, 91, 91, 91, 91, 91, 91, 91, 91, 91, 91, 91, 91, 91, 91, 91, 91, 91, 91, 91, 91, 91, 91, 91, 91, 91, 91, 91, 91, 91, 91, 91, 91, 91, 91, 91, 91, 91, 91, 91, 91, 91, 91, 91, 91, 91, 91
 91, 91, 91, 91, 91, 91, 91, 91, 91, 91, 91, 91, 91, 91, 91, 91, 91, 91, 91, 91, 91, 91, 91, 91, 91, 91, 91, 91, 91, 91, 91, 91, 91, 91, 91, 91, 91, 91, 91, 91, 91, 91, 91, 91, 91, 91, 91, 91, 91, 91
 91, 91, 91, 91, 91, 91, 91, 91, 91, 91, 91, 91, 91, 91, 91, 91, 91, 91, 91, 91, 91, 91, 91, 91, 91, 91, 91, 91, 91, 91, 91, 91, 91, 91, 91, 91, 91, 91, 91, 91, 91, 91, 91, 91, 91, 91, 91, 91, 91, 91
 91, 91, 91, 91, 91, 91, 91, 91, 91, 91, 91, 91, 91, 91, 91, 91, 91, 91, 91, 91, 91, 91, 91, 91, 91, 91, 91, 91, 91, 91, 91, 91, 91, 91, 91, 91, 91, 91, 91, 91, 91, 91, 91, 91, 91, 91, 91, 91, 91, 91
 91, 91, 91, 91, 91, 91, 91, 91, 91, 91, 91, 91, 91, 91, 91, 91, 91, 91, 91, 91, 91, 91, 91, 91, 91, 91, 91, 91, 91,  6,  8, 91, 91, 91, 91, 91, 91, 91, 91, 91, 91, 91, 91, 91, 91, 91, 91, 91, 91, 91
 91, 91, 91, 91, 91, 91, 91, 91, 91, 91, 91, 91, 91, 91, 91, 91, 91, 91, 91, 91, 91, 91, 91, 91, 91, 91, 91, 91,-20, -6, -7, -4, 91, 91, 91, 91, 91, 91, 91, 91, 91, 91, 91, 91, 91, 91, 91, 91, 91, 91
 91, 91, 91, 91, 91, 91, 91, 91, 91, 91, 91, 91, 91, 91, 91, 91, 91, 91, 91, 91, 91, 91, 91, 91, 91, 91, 91,-15,-17,-14,-26,-34,-27, 91, 91, 91, 91, 91, 91, 91, 91, 91, 91, 91, 91, 91, 91, 91, 91, 91
 91, 91, 91, 91, 91, 91, 91, 91, 91, 91, 91, 91, 91, 91, 91, 91, 91, 91, 91, 91, 91, 91, 91, 91, 91, 91,-12,-15,-18,-21,-28,-32,-31,-28, 91, 91, 91, 91, 91, 91, 91, 91, 91, 91, 91, 91, 91, 91, 91, 91
 91, 91, 91, 91, 91, 91, 91, 91, 91, 91, 91, 91, 91, 91, 91, 91, 91, 91, 91, 91, 91, 91, 91, 91, 91,-14,-14,-15,-21,-25,-26,-31,-31,-27,-27, 91, 91, 91, 91, 91, 91, 91, 91, 91, 91, 91, 91, 91, 91, 91
 91, 91, 91, 91, 91, 91, 91, 91, 91, 91, 91, 91, 91, 91, 91, 91, 91, 91, 91, 91, 91, 91, 91, 91,  0,-12,-14,-16,-20,-24,-21,-26,-29,-30,-28,-28, 91, 91, 91, 91, 91, 91, 91, 91, 91, 91, 91, 91, 91, 91
 91, 91, 91, 91, 91, 91, 91, 91, 91, 91, 91, 91, 91, 91, 91, 91, 91, 91, 91, 91, 91, 91, 91, -5,-10, -8,-10,-10,-16,-17,-20,-24,-24,-26,-26,-27,-28,-30, 91, 91, 91, 91, 91, 91, 91, 91, 91, 91, 91, 91
 91, 91, 91, 91, 91, 91, 91, 91, 91, 91, 91, 91, 91, 91, 91, 91, 91, 91, 91, 91, 91, 91, -8,  9, -2, -8,-12,-16,-20,-24,-23,-24,-27,-26,-24,-25,-27,-31, 91, 91, 91, 91, 91, 91, 91, 91, 91, 91, 91, 91
 91, 91, 91, 91, 91, 91, 91, 91, 91, 91, 91, 91, 91, 91, 91, 91, 91, 91, 91, 91, 91,  4, 13, 19, 17, -7,-10,-14,-20,-25,-23,-25,-25,-22,-22,-23,-24,-26, 91, 91, 91, 91, 91, 91, 91, 91, 91, 91, 91, 91
 91, 91, 91, 91, 91, 91, 91, 91, 91, 91, 91, 91, 91, 91, 91, 91, 91, 91, 23, 20, 18, 13, 15,  9,  1, -7,-10,-16,-20,-25,-23,-22,-24,-21,-25,-25,-26,-28,-27, 91, 91, 91, 91, 91, 91, 91, 91, 91, 91, 91
 91, 91, 91, 91, 91, 91, 91, 91, 91, 91, 91, 91, 91, 91, 91, 35, 35, 35, 35, 23, 18, 19, 19, 11,  2, -6,-13,-16,-18,-25,-22,-23,-26,-30,-30,-30,-29,-30,-20, 91, 91, 91, 91, 91, 91, 91, 91, 91, 91, 91
 91, 91, 91, 91, 91, 91, 91, 91, 91, 91, 91, 91, 91, 35, 35, 35, 35, 28, 29, 27, 25, 24, 21, 14,  4, -4,-10,-17,-19,-24,-20,-26,-29,-35,-30,-30,-26,-26,-22,-38, 91, 91, 91, 91, 91, 91, 91, 91, 91, 91
 91, 91, 91, 91, 91, 91, 91, 91, 91, 91, 91, 91, 35, 35, 35, 35, 38, 35, 31, 32, 31, 25, 21, 14,  6,  8, -4,-10,-23,-23,-27,-30,-33,-36,-31,-26,-14, -5,-37, 91, 91, 91, 91, 91, 91, 91, 91, 91, 91, 91
 91, 91, 91, 91, 91, 91, 91, 91, 91, 91, 91, 91, 45, 43, 35, 40, 36, 38, 37, 37, 35, 30, 24, 17,  9,  8, -4,-11,-30,-27,-29,-43,-35,-41,-43,-19,-46,-46,-46,-46, 91, 91, 91, 91, 91, 91, 91, 91, 91, 91
 91, 91, 91, 91, 91, 91, 91, 91, 91, 91, 91, 91, 46, 44, 43, 40, 39, 40, 41, 40, 36, 39, 32, 15,  8,  2,  1, -7,-19,-24,-38,-39,-38,-46,-48,-52,-46,-46,-46,-46, 91, 91, 91, 91, 91, 91, 91, 91, 91, 91
 91, 91, 91, 91, 91, 91, 91, 91, 91, 91, 91, 91, 48, 46, 45, 43, 44, 44, 46, 45, 46, 34, 20, 22, 22,  8,  2,  4,-16,-34,-35,-38,-45,-30,-50,-52,-51,-50,-50, 91, 91, 91, 91, 91, 91, 91, 91, 91, 91, 91
 91, 91, 91, 91, 91, 91, 91, 91, 91, 91, 91, 91, 47, 36, 48, 46, 49, 50, 51, 49, 48, 41, 31, 26, 21,  9, -3, -3,-20,-38,-43,-44,-47,-50,-17,-55,-51,-49,-48, 91, 91, 91, 91, 91, 91, 91, 91, 91, 91, 91
 91, 91, 91, 91, 91, 91, 91, 91, 91, 91, 91, 91, 37, 53, 53, 52, 54, 58, 53, 54, 48, 43, 34, 29, 31, 11,  1,-12,-26,-53,-56,-56,-53,-58,-60,-61,-55,-50,-52,-56, 91, 91, 91, 91, 91, 91, 91, 91, 91, 91
 91, 91, 91, 91, 91, 91, 91, 91, 91, 91, 91, 91, 37, 37, 57, 52, 52, 42, 51, 54, 57, 51, 36, 15, 39, 20, 10,-11,-26,-76,-75,-77,-67,-68,-66,-66,-65,-53,-56, 91, 91, 91, 91, 91, 91, 91, 91, 91, 91, 91
 91, 91, 91, 91, 91, 91, 91, 91, 91, 91, 91, 91, 37, 52, 52, 52, 52, 53, 55, 51, 81, 66, 56, 69, 67, 69, 25,-34,-35,-40, 83, 89,-84,-71,-72,-52,-67,-64,-60,-61, 91, 91, 91, 91, 91, 91, 91, 91, 91, 91
 91, 91, 91, 91, 91, 91, 91, 91, 91, 91, 91, 91, 37, 52, 52, 52, 56, 69, 71, 60, 74, 80,-89,-64,-78,-67,-44,-30,-21, 36, 60, 50, 87,-84,-80,-80,-80,-80,-80,-80,-67, 91, 91, 91, 91, 91, 91, 91, 91, 91
 91, 91, 91, 91, 91, 91, 91, 91, 91, 91, 91, 91, 37, 52, 52, 52, 52, 87, 86, 86, 85,-85,-61,-61,-54,-48,-53,-23, -9,  3, 34, 58, 77, 84,-80,-80,-80,-80,-80,-80,-86, 91, 91, 91, 91, 91, 91, 91, 91, 91
 91, 91, 91, 91, 91, 91, 91, 91, 91, 91, 91, 91, 91, 52, 52, 52, 52, 89,-90,-87,-61,-55,-44,-55,-49,-45,-25,-20, -9,  4, 24, 61, 65, 59,-80,-80,-80,-80,-80,-80,-86, 91, 91, 91, 91, 91, 91, 91, 91, 91
 91, 91, 91, 91, 91, 91, 91, 91, 91, 91, 91, 91, 91, 52, 52, 52, 79, 84, 81,-73,-65,-67,-67,-64,-46,-40,-36,-24,-10, -3,  6, 32, 42, 50,-80, 84, 84, 84, 84, 84, 84, 91, 91, 91, 91, 91, 91, 91, 91, 91
 91, 91, 91, 91, 91, 91, 91, 91, 91, 91, 91, 91, 91, 52, 52, 52, 79,-85,-80,-66,-59,-58,-60,-54,-46,-39,-31,-30,-11,  2,  7, 15, 41, 48, 53, 84, 84, 84, 84, 84, 84, 91, 91, 91, 91, 91, 91, 91, 91, 91
 91, 91, 91, 91, 91, 91, 91, 91, 91, 91, 91, 91, 91, 46, 72, 79, 79,-78,-76,-76,-55,-52,-55,-53,-46,-37,-34,-26,-14,  1,  8, 17, 34, 43, 84, 84, 84, 84, 84, 84, 84, 55, 91, 91, 91, 91, 91, 91, 91, 91
 91, 91, 91, 91, 91, 91, 91, 91, 91, 91, 91, 91, 91, 49, 72, 72, 79,-67,-61,-54,-49,-47,-48,-50,-50,-36,-31,-23,-10, -4,  6, 19, 27, 30, 84, 84, 84, 84, 84, 84, 84, 43, 91, 91, 91, 91, 91, 91, 91, 91
 91, 91, 91, 91, 91, 91, 91, 91, 91, 91, 91, 91, 91, 41, 41, 35,-89,-34,-52,-48,-45,-44,-48,-50,-35,-34,-29,-18, -5, -4, -1,  6, 21, 30, 39, 43, 39, 36, 37, 35, 27, 32, 91, 91, 91, 91, 91, 91, 91, 91
 91, 91, 91, 91, 91, 91, 91, 91, 91, 91, 91, 91, 91, 36, 38, 24,  6,-17,-29,-37,-36,-36,-43,-47,-30,-26,-24,-21, -6,  4, 18, 24, 24, 32, 34, 35, 37, 37, 39, 34, 30, 17, 91, 91, 91, 91, 91, 91, 91, 91
 91, 91, 91, 91, 91, 91, 91, 91, 91, 91, 91, 91, 91, 34, 34, 20,  4,-16,-21,-27,-31,-33,-33,-31,-24,-19,-20,-18,-10,  4, 12, 21, 28, 32, 29, 30, 31, 33, 31, 27, 22, 20, 91, 91, 91, 91, 91, 91, 91, 91
 91, 91, 91, 91, 91, 91, 91, 91, 91, 91, 91, 91, 91, 26, 23, 16,  1,-13,-16,-18,-19,-24,-25,-25,-25,-21,-19,-14, -8, -3,  3, 15, 21, 24, 25, 26, 25, 24, 20, 25, 91, 91, 91, 91, 91, 91, 91, 91, 91, 91
 91, 91, 91, 91, 91, 91, 91, 91, 91, 91, 91, 91, 91, 19, 22,  5, -2, -5,-13,-14,-15,-18,-23,-26,-25,-18,-16, -9, -3, -2,  2, 22, 16, 12, 15, 19, 22, 23, 22, 91, 91, 91, 91, 91, 91, 91, 91, 91, 91, 91
 91, 91, 91, 91, 91, 91, 91, 91, 91, 91, 91, 91, 91,  3,  6,  0, -2, -7,-13,-14,-13,-16,-13, -8,-15,-13, -8, -9, -3,  8, 13, 18, 13, 12, 13, 19, 18, 25, 91, 91, 91, 91, 91, 91, 91, 91, 91, 91, 91, 91
 91, 91, 91, 91, 91, 91, 91, 91, 91, 91, 91, 91, 91,  6,  1, -1, -4, -8,-10, -9,-14,-11,-14, -6, -8,-10,-10, -7,  1,  9, 17, 14, 15, 11, 12, 19, 91, 91, 91, 91, 91, 91, 91, 91, 91, 91, 91, 91, 91, 91
 91, 91, 91, 91, 91, 91, 91, 91, 91, 91, 91, 91, 91,  0,  0, -4, -4, -5, -8, -7, -5, -8,-10,-11, -9,-12, -3,  5,  8, 15, 20, 18, 14, 14, 15, 91, 91, 91, 91, 91, 91, 91, 91, 91, 91, 91, 91, 91, 91, 91
 91, 91, 91, 91, 91, 91, 91, 91, 91, 91, 91, 91, 91,  0,  0,  0, -5, -2, -7, -9, -3, -6, -1,-10, -2, -4, -2,  8,  8, 15, 18, 91, 91, 91, 91, 91, 91, 91, 91, 91, 91, 91, 91, 91, 91, 91, 91, 91, 91, 91
 91, 91, 91, 91, 91, 91, 91, 91, 91, 91, 91, 91, 91,  0,  0,  0,  0,  5,  7, -8, -7, -8, -3,  4,  0,  3,  4, 10, 10, 91, 91, 91, 91, 91, 91, 91, 91, 91, 91, 91, 91, 91, 91, 91, 91, 91, 91, 91, 91, 91
 91, 91, 91, 91, 91, 91, 91, 91, 91, 91, 91, 91, 91,  0,  0,  0,  0, -2, -2, -2, -2, -2,-22, -1, -4, -2,  5,  8, 91, 91, 91, 91, 91, 91, 91, 91, 91, 91, 91, 91, 91, 91, 91, 91, 91, 91, 91, 91, 91, 91
 91, 91, 91, 91, 91, 91, 91, 91, 91, 91, 91, 91, 91,  0,  0,  0,  0, -2, -2, -2, -2, -2,-18,  5,  3,  1, 91, 91, 91, 91, 91, 91, 91, 91, 91, 91, 91, 91, 91, 91, 91, 91, 91, 91, 91, 91, 91, 91, 91, 91
 91, 91, 91, 91, 91, 91, 91, 91, 91, 91, 91, 91, 91, 91,-38,-12, -4, -3, -3, -3, -2, -6, -8, -1,  3, 91, 91, 91, 91, 91, 91, 91, 91, 91, 91, 91, 91, 91, 91, 91, 91, 91, 91, 91, 91, 91, 91, 91, 91, 91
 91, 91, 91, 91, 91, 91, 91, 91, 91, 91, 91, 91, 91, 91, 91,-22,  0, -2, -2, -2, -6,  0, -9,  2, 91, 91, 91, 91, 91, 91, 91, 91, 91, 91, 91, 91, 91, 91, 91, 91, 91, 91, 91, 91, 91, 91, 91, 91, 91, 91
